0.902738
0.449545
0.317169
0.250450
0.209669
0.181965
0.161785
0.146327
0.134031
0.123961
0.115519
0.108304
0.102032
0.096497
0.091546
0.087063
0.082962
0.079175
0.075652
0.072354
0.069251
0.066318
0.063537
0.060894
0.058376
0.055973
0.053678
0.051483
0.049382
0.047371
0.045444
0.043597
0.041826
0.040129
0.038501
0.036939
0.035442
0.034005
0.032627
0.031305
0.030036
0.028819
0.027652
0.026531
0.025457
0.024425
0.023436
0.022487
0.021576
0.020702
0.019863
0.019058
0.018286
0.017546
0.016835
0.016153
0.015499
0.014871
0.014269
0.013691
0.013136
0.012604
0.012093
0.011604
0.011133
0.010682
0.010250
0.009835
0.009436
0.009054
0.008687
0.008335
0.007998
0.007674
0.007363
0.007065
0.006778
0.006504
0.006240
0.005988
0.005745
0.005512
0.005289
0.005075
0.004869
0.004672
0.004483
0.004301
0.004127
0.003960
0.003799
0.003646
0.003498
0.003356
0.003220
0.003090
0.002965
0.002845
0.002729
0.002619
0.002513
0.002411
0.002313
0.002220
0.002130
0.002043
0.001961
0.001881
0.001805
0.001732
0.001662
0.001594
0.001530
0.001468
0.001408
0.001351
0.001297
0.001244
0.001194
0.001145
0.001099
0.001054
0.001012
0.000971
